100 ELEMENTS
MAX_R: 1 MIN_R: 1 AVG_R: 1.000000
MAX_W: 2 MIN_W:2 AVG_W: 2.000000