10 ELEMENTS
MAX_R: 20 MIN_R: 11 AVG_R: 16.266667
MAX_W: 20 MIN_W:11 AVG_W: 16.266667